{
 "cells": [
  {
   "cell_type": "code",
   "execution_count": 106,
   "id": "00e0c5c1",
   "metadata": {},
   "outputs": [
    {
     "name": "stderr",
     "output_type": "stream",
     "text": [
      "\u001b[32m\u001b[1m  Activating\u001b[22m\u001b[39m project at `~/Downloads/cmu_classes/16745/final_project`\n"
     ]
    },
    {
     "data": {
      "text/plain": [
       "generate_jacobians (generic function with 1 method)"
      ]
     },
     "execution_count": 106,
     "metadata": {},
     "output_type": "execute_result"
    }
   ],
   "source": [
    "using Pkg\n",
    "Pkg.activate(@__DIR__)\n",
    "Pkg.instantiate()\n",
    "using SatellitePlayground\n",
    "using SatelliteDynamics\n",
    "using Plots\n",
    "using LinearAlgebra\n",
    "SP = SatellitePlayground\n",
    "\n",
    "include(\"nominal_dynamics.jl\")\n",
    "include(\"rollout.jl\")"
   ]
  },
  {
   "cell_type": "code",
   "execution_count": 107,
   "id": "d36b81a7",
   "metadata": {
    "scrolled": true
   },
   "outputs": [
    {
     "name": "stdout",
     "output_type": "stream",
     "text": [
      "intialized orbit!\n"
     ]
    },
    {
     "name": "stdout",
     "output_type": "stream",
     "text": [
      "\r",
      "\u001b[K[1/100]: norm(ω)=1.140 r=<6713136.256 -0.000 -788.693> b=<3.126 17.432 15.961> dt=0.100\r",
      "\u001b[K[2/100]: norm(ω)=1.140 r=<6713136.123 -0.000 -1577.385> b=<4.146 18.391 14.590> dt=0.100\r",
      "\u001b[K[3/100]: norm(ω)=1.140 r=<6713135.901 -0.000 -2366.078> b=<5.004 19.292 13.075> dt=0.100\r",
      "\u001b[K[4/100]: norm(ω)=1.140 r=<6713135.591 -0.000 -3154.771> b=<5.688 20.122 11.437> dt=0.100\r",
      "\u001b[K[5/100]: norm(ω)=1.140 r=<6713135.193 -0.000 -3943.464> b=<6.191 20.871 9.697> dt=0.100\r",
      "\u001b[K[6/100]: norm(ω)=1.140 r=<6713134.706 -0.000 -4732.156> b=<6.505 21.529 7.877> dt=0.100\r",
      "\u001b[K[7/100]: norm(ω)=1.140 r=<6713134.130 -0.000 -5520.849> b=<6.627 22.087 6.002> dt=0.100\r",
      "\u001b[K[8/100]: norm(ω)=1.140 r=<6713133.466 -0.000 -6309.541> b=<6.554 22.537 4.095> dt=0.100\r",
      "\u001b[K[9/100]: norm(ω)=1.140 r=<6713132.713 -0.000 -7098.234> b=<6.289 22.874 2.182> dt=0.100\r",
      "\u001b[K[10/100]: norm(ω)=1.140 r=<6713131.871 -0.000 -7886.926> b=<5.833 23.094 0.288> dt=0.100\r",
      "\u001b[K[11/100]: norm(ω)=1.140 r=<6713130.941 -0.000 -8675.618> b=<5.194 23.193 -1.563> dt=0.100\r",
      "\u001b[K[12/100]: norm(ω)=1.140 r=<6713129.922 -0.000 -9464.310> b=<4.379 23.170 -3.346> dt=0.100\r",
      "\u001b[K[13/100]: norm(ω)=1.140 r=<6713128.815 -0.000 -10253.002> b=<3.399 23.025 -5.038> dt=0.100\r",
      "\u001b[K[14/100]: norm(ω)=1.140 r=<6713127.619 -0.000 -11041.694> b=<2.268 22.761 -6.618> dt=0.100\r",
      "\u001b[K[15/100]: norm(ω)=1.140 r=<6713126.335 -0.000 -11830.385> b=<0.999 22.380 -8.064> dt=0.100\r",
      "\u001b[K[16/100]: norm(ω)=1.140 r=<6713124.962 -0.000 -12619.077> b=<-0.390 21.888 -9.358> dt=0.100\r",
      "\u001b[K[17/100]: norm(ω)=1.140 r=<6713123.500 -0.000 -13407.768> b=<-1.882 21.290 -10.482> dt=0.100\r",
      "\u001b[K[18/100]: norm(ω)=1.140 r=<6713121.950 -0.000 -14196.460> b=<-3.457 20.595 -11.422> dt=0.100\r",
      "\u001b[K[19/100]: norm(ω)=1.140 r=<6713120.312 -0.000 -14985.151> b=<-5.094 19.812 -12.166> dt=0.100\r",
      "\u001b[K[20/100]: norm(ω)=1.140 r=<6713118.584 -0.000 -15773.841> b=<-6.772 18.950 -12.704> dt=0.100\r",
      "\u001b[K[21/100]: norm(ω)=1.140 r=<6713116.769 -0.000 -16562.532> b=<-8.469 18.022 -13.029> dt=0.100\r",
      "\u001b[K[22/100]: norm(ω)=1.140 r=<6713114.864 -0.000 -17351.222> b=<-10.163 17.038 -13.136> dt=0.100\r",
      "\u001b[K[23/100]: norm(ω)=1.140 r=<6713112.871 -0.000 -18139.912> b=<-11.831 16.012 -13.025> dt=0.100\r",
      "\u001b[K[24/100]: norm(ω)=1.140 r=<6713110.790 -0.000 -18928.602> b=<-13.453 14.958 -12.697> dt=0.100\r",
      "\u001b[K[25/100]: norm(ω)=1.140 r=<6713108.619 -0.000 -19717.292> b=<-15.006 13.888 -12.155> dt=0.100\r",
      "\u001b[K[26/100]: norm(ω)=1.140 r=<6713106.361 -0.000 -20505.981> b=<-16.471 12.818 -11.408> dt=0.100\r",
      "\u001b[K[27/100]: norm(ω)=1.140 r=<6713104.013 -0.000 -21294.670> b=<-17.827 11.760 -10.464> dt=0.100\r",
      "\u001b[K[28/100]: norm(ω)=1.140 r=<6713101.577 -0.000 -22083.359> b=<-19.058 10.728 -9.337> dt=0.100\r",
      "\u001b[K[29/100]: norm(ω)=1.140 r=<6713099.053 -0.000 -22872.048> b=<-20.148 9.737 -8.040> dt=0.100\r",
      "\u001b[K[30/100]: norm(ω)=1.140 r=<6713096.440 -0.000 -23660.736> b=<-21.081 8.798 -6.591> dt=0.100\r",
      "\u001b[K[31/100]: norm(ω)=1.140 r=<6713093.738 -0.000 -24449.424> b=<-21.847 7.925 -5.009> dt=0.100\r",
      "\u001b[K[32/100]: norm(ω)=1.140 r=<6713090.948 -0.000 -25238.112> b=<-22.434 7.128 -3.315> dt=0.100\r",
      "\u001b[K[33/100]: norm(ω)=1.140 r=<6713088.069 -0.000 -26026.799> b=<-22.835 6.418 -1.529> dt=0.100\r",
      "\u001b[K[34/100]: norm(ω)=1.140 r=<6713085.102 -0.000 -26815.486> b=<-23.045 5.804 0.323> dt=0.100\r",
      "\u001b[K[35/100]: norm(ω)=1.140 r=<6713082.046 -0.000 -27604.172> b=<-23.061 5.294 2.219> dt=0.100\r",
      "\u001b[K[36/100]: norm(ω)=1.140 r=<6713078.902 -0.000 -28392.859> b=<-22.883 4.895 4.132> dt=0.100\r",
      "\u001b[K[37/100]: norm(ω)=1.140 r=<6713075.669 -0.000 -29181.544> b=<-22.512 4.611 6.039> dt=0.100\r",
      "\u001b[K[38/100]: norm(ω)=1.140 r=<6713072.347 -0.000 -29970.230> b=<-21.955 4.447 7.915> dt=0.100\r",
      "\u001b[K[39/100]: norm(ω)=1.140 r=<6713068.937 -0.000 -30758.915> b=<-21.217 4.405 9.734> dt=0.100\r",
      "\u001b[K[40/100]: norm(ω)=1.140 r=<6713065.438 -0.000 -31547.600> b=<-20.310 4.485 11.473> dt=0.100\r",
      "\u001b[K[41/100]: norm(ω)=1.140 r=<6713061.850 -0.000 -32336.284> b=<-19.243 4.686 13.109> dt=0.100\r",
      "\u001b[K[42/100]: norm(ω)=1.140 r=<6713058.174 -0.000 -33124.968> b=<-18.032 5.005 14.622> dt=0.100\r",
      "\u001b[K[43/100]: norm(ω)=1.140 r=<6713054.410 -0.000 -33913.651> b=<-16.692 5.439 15.990> dt=0.100\r",
      "\u001b[K[44/100]: norm(ω)=1.140 r=<6713050.557 -0.000 -34702.334> b=<-15.241 5.981 17.197> dt=0.100\r",
      "\u001b[K[45/100]: norm(ω)=1.140 r=<6713046.615 -0.000 -35491.016> b=<-13.697 6.624 18.226> dt=0.100\r",
      "\u001b[K[46/100]: norm(ω)=1.140 r=<6713042.585 -0.000 -36279.698> b=<-12.081 7.361 19.064> dt=0.100\r",
      "\u001b[K[47/100]: norm(ω)=1.140 r=<6713038.466 -0.000 -37068.380> b=<-10.413 8.181 19.701> dt=0.100\r",
      "\u001b[K[48/100]: norm(ω)=1.140 r=<6713034.259 -0.000 -37857.061> b=<-8.716 9.073 20.127> dt=0.100\r",
      "\u001b[K[49/100]: norm(ω)=1.140 r=<6713029.963 -0.001 -38645.741> b=<-7.011 10.026 20.337> dt=0.100\r",
      "\u001b[K[50/100]: norm(ω)=1.140 r=<6713025.578 -0.001 -39434.421> b=<-5.322 11.028 20.328> dt=0.100\r",
      "\u001b[K[51/100]: norm(ω)=1.140 r=<6713021.105 -0.001 -40223.101> b=<-3.669 12.065 20.101> dt=0.100\r",
      "\u001b[K[52/100]: norm(ω)=1.140 r=<6713016.543 -0.001 -41011.780> b=<-2.074 13.123 19.658> dt=0.100\r",
      "\u001b[K[53/100]: norm(ω)=1.140 r=<6713011.893 -0.001 -41800.458> b=<-0.558 14.189 19.005> dt=0.100\r",
      "\u001b[K[54/100]: norm(ω)=1.140 r=<6713007.154 -0.001 -42589.136> b=<0.858 15.250 18.150> dt=0.100\r",
      "\u001b[K[55/100]: norm(ω)=1.140 r=<6713002.326 -0.001 -43377.813> b=<2.157 16.290 17.106> dt=0.100\r",
      "\u001b[K[56/100]: norm(ω)=1.140 r=<6712997.410 -0.001 -44166.490> b=<3.322 17.296 15.884> dt=0.100\r",
      "\u001b[K[57/100]: norm(ω)=1.140 r=<6712992.406 -0.001 -44955.166> b=<4.337 18.256 14.502> dt=0.100\r",
      "\u001b[K[58/100]: norm(ω)=1.140 r=<6712987.313 -0.001 -45743.842> b=<5.189 19.156 12.977> dt=0.100\r",
      "\u001b[K[59/100]: norm(ω)=1.140 r=<6712982.131 -0.001 -46532.517> b=<5.867 19.985 11.330> dt=0.100\r",
      "\u001b[K[60/100]: norm(ω)=1.140 r=<6712976.860 -0.001 -47321.191> b=<6.363 20.732 9.580> dt=0.100\r",
      "\u001b[K[61/100]: norm(ω)=1.140 r=<6712971.502 -0.001 -48109.865> b=<6.669 21.387 7.753> dt=0.100\r",
      "\u001b[K[62/100]: norm(ω)=1.140 r=<6712966.054 -0.001 -48898.538> b=<6.782 21.941 5.870> dt=0.100\r",
      "\u001b[K[63/100]: norm(ω)=1.140 r=<6712960.518 -0.001 -49687.210> b=<6.700 22.388 3.958> dt=0.100\r",
      "\u001b[K[64/100]: norm(ω)=1.140 r=<6712954.893 -0.001 -50475.882> b=<6.425 22.721 2.040> dt=0.100\r",
      "\u001b[K[65/100]: norm(ω)=1.140 r=<6712949.180 -0.001 -51264.553> b=<5.960 22.935 0.142> dt=0.100\r",
      "\u001b[K[66/100]: norm(ω)=1.140 r=<6712943.378 -0.001 -52053.224> b=<5.310 23.029 -1.711> dt=0.100\r",
      "\u001b[K[67/100]: norm(ω)=1.140 r=<6712937.488 -0.001 -52841.893> b=<4.486 23.000 -3.496> dt=0.100\r",
      "\u001b[K[68/100]: norm(ω)=1.140 r=<6712931.509 -0.001 -53630.562> b=<3.496 22.850 -5.188> dt=0.100\r",
      "\u001b[K[69/100]: norm(ω)=1.140 r=<6712925.441 -0.001 -54419.231> b=<2.355 22.579 -6.766> dt=0.100\r",
      "\u001b[K[70/100]: norm(ω)=1.140 r=<6712919.285 -0.001 -55207.898> b=<1.077 22.192 -8.209> dt=0.100\r",
      "\u001b[K[71/100]: norm(ω)=1.140 r=<6712913.041 -0.001 -55996.565> b=<-0.321 21.693 -9.499> dt=0.100\r",
      "\u001b[K[72/100]: norm(ω)=1.140 r=<6712906.707 -0.001 -56785.231> b=<-1.821 21.089 -10.618> dt=0.100\r",
      "\u001b[K[73/100]: norm(ω)=1.140 r=<6712900.286 -0.001 -57573.897> b=<-3.404 20.388 -11.552> dt=0.100\r",
      "\u001b[K[74/100]: norm(ω)=1.140 r=<6712893.775 -0.001 -58362.561> b=<-5.048 19.599 -12.289> dt=0.100\r",
      "\u001b[K[75/100]: norm(ω)=1.140 r=<6712887.176 -0.001 -59151.225> b=<-6.731 18.731 -12.819> dt=0.100\r",
      "\u001b[K[76/100]: norm(ω)=1.140 r=<6712880.489 -0.001 -59939.888> b=<-8.434 17.797 -13.135> dt=0.100\r",
      "\u001b[K[77/100]: norm(ω)=1.140 r=<6712873.713 -0.001 -60728.551> b=<-10.131 16.809 -13.233> dt=0.100\r",
      "\u001b[K[78/100]: norm(ω)=1.140 r=<6712866.848 -0.001 -61517.212> b=<-11.803 15.779 -13.111> dt=0.100\r",
      "\u001b[K[79/100]: norm(ω)=1.140 r=<6712859.895 -0.001 -62305.873> b=<-13.426 14.721 -12.772> dt=0.100\r",
      "\u001b[K[80/100]: norm(ω)=1.140 r=<6712852.853 -0.001 -63094.533> b=<-14.980 13.648 -12.220> dt=0.100\r",
      "\u001b[K[81/100]: norm(ω)=1.140 r=<6712845.722 -0.001 -63883.192> b=<-16.444 12.574 -11.461> dt=0.100\r",
      "\u001b[K[82/100]: norm(ω)=1.140 r=<6712838.503 -0.001 -64671.850> b=<-17.799 11.514 -10.506> dt=0.100\r",
      "\u001b[K[83/100]: norm(ω)=1.140 r=<6712831.196 -0.001 -65460.507> b=<-19.027 10.482 -9.368> dt=0.100\r",
      "\u001b[K[84/100]: norm(ω)=1.140 r=<6712823.800 -0.001 -66249.164> b=<-20.113 9.490 -8.060> dt=0.100\r",
      "\u001b[K[85/100]: norm(ω)=1.140 r=<6712816.315 -0.001 -67037.819> b=<-21.042 8.551 -6.601> dt=0.100\r",
      "\u001b[K[86/100]: norm(ω)=1.140 r=<6712808.742 -0.002 -67826.474> b=<-21.801 7.678 -5.009> dt=0.100\r",
      "\u001b[K[87/100]: norm(ω)=1.140 r=<6712801.080 -0.002 -68615.128> b=<-22.382 6.883 -3.305> dt=0.100\r",
      "\u001b[K[88/100]: norm(ω)=1.140 r=<6712793.330 -0.002 -69403.781> b=<-22.775 6.175 -1.511> dt=0.100\r",
      "\u001b[K[89/100]: norm(ω)=1.140 r=<6712785.491 -0.002 -70192.433> b=<-22.977 5.564 0.349> dt=0.100\r",
      "\u001b[K[90/100]: norm(ω)=1.140 r=<6712777.563 -0.002 -70981.084> b=<-22.984 5.057 2.251> dt=0.100\r",
      "\u001b[K[91/100]: norm(ω)=1.140 r=<6712769.547 -0.002 -71769.734> b=<-22.797 4.662 4.170> dt=0.100\r",
      "\u001b[K[92/100]: norm(ω)=1.140 r=<6712761.442 -0.002 -72558.383> b=<-22.417 4.383 6.081> dt=0.100\r",
      "\u001b[K[93/100]: norm(ω)=1.140 r=<6712753.249 -0.002 -73347.031> b=<-21.850 4.224 7.960> dt=0.100\r",
      "\u001b[K[94/100]: norm(ω)=1.140 r=<6712744.967 -0.002 -74135.678> b=<-21.102 4.187 9.781> dt=0.100\r",
      "\u001b[K[95/100]: norm(ω)=1.140 r=<6712736.597 -0.002 -74924.325> b=<-20.185 4.273 11.521> dt=0.100\r",
      "\u001b[K[96/100]: norm(ω)=1.140 r=<6712728.138 -0.002 -75712.970> b=<-19.109 4.479 13.157> dt=0.100\r",
      "\u001b[K[97/100]: norm(ω)=1.140 r=<6712719.590 -0.002 -76501.614> b=<-17.888 4.805 14.667> dt=0.100\r",
      "\u001b[K[98/100]: norm(ω)=1.140 r=<6712710.954 -0.002 -77290.257> b=<-16.539 5.245 16.033> dt=0.100\r",
      "\u001b[K[99/100]: norm(ω)=1.140 r=<6712702.229 -0.002 -78078.900> b=<-15.079 5.793 17.235> dt=0.100\r",
      "\u001b[K[100/100]: norm(ω)=1.140 r=<6712693.416 -0.002 -78867.541> b=<-13.527 6.442 18.259> dt=0.100\n",
      "Simulation complete!\n"
     ]
    },
    {
     "name": "stdout",
     "output_type": "stream",
     "text": [
      "  6.778260 seconds (30.42 M allocations: 1.465 GiB, 6.33% gc time, 99.71% compilation time)\n"
     ]
    },
    {
     "data": {
      "text/plain": [
       "(Any[[1.0 0.0 … 0.0 0.0; 0.0 1.0 … 0.0 0.0; … ; 0.0186495509297933 -0.18473916711140503 … 0.9596914936929323 0.1400887069031812; -0.07196844226211768 -0.10776226369391065 … -0.1400887069031812 0.9596914936929323], [1.0 0.0 … 0.0 0.0; 0.0 1.0 … 0.0 0.0; … ; 0.0186495509297933 -0.18473916711140503 … 0.9596914936929323 0.1400887069031812; -0.07196844226211768 -0.10776226369391065 … -0.1400887069031812 0.9596914936929323], [1.0 0.0 … 0.0 0.0; 0.0 1.0 … 0.0 0.0; … ; 0.0186495509297933 -0.18473916711140503 … 0.9596914936929323 0.1400887069031812; -0.07196844226211768 -0.10776226369391065 … -0.1400887069031812 0.9596914936929323], [1.0 0.0 … 0.0 0.0; 0.0 1.0 … 0.0 0.0; … ; 0.0186495509297933 -0.18473916711140503 … 0.9596914936929323 0.1400887069031812; -0.07196844226211768 -0.10776226369391065 … -0.1400887069031812 0.9596914936929323], [1.0 0.0 … 0.0 0.0; 0.0 1.0 … 0.0 0.0; … ; 0.0186495509297933 -0.18473916711140503 … 0.9596914936929323 0.1400887069031812; -0.07196844226211768 -0.10776226369391065 … -0.1400887069031812 0.9596914936929323], [1.0 0.0 … 0.0 0.0; 0.0 1.0 … 0.0 0.0; … ; 0.0186495509297933 -0.18473916711140503 … 0.9596914936929323 0.1400887069031812; -0.07196844226211768 -0.10776226369391065 … -0.1400887069031812 0.9596914936929323], [1.0 0.0 … 0.0 0.0; 0.0 1.0 … 0.0 0.0; … ; 0.0186495509297933 -0.18473916711140503 … 0.9596914936929323 0.1400887069031812; -0.07196844226211768 -0.10776226369391065 … -0.1400887069031812 0.9596914936929323], [1.0 0.0 … 0.0 0.0; 0.0 1.0 … 0.0 0.0; … ; 0.0186495509297933 -0.18473916711140503 … 0.9596914936929323 0.1400887069031812; -0.07196844226211768 -0.10776226369391065 … -0.1400887069031812 0.9596914936929323], [1.0 0.0 … 0.0 0.0; 0.0 1.0 … 0.0 0.0; … ; 0.0186495509297933 -0.18473916711140503 … 0.9596914936929323 0.1400887069031812; -0.07196844226211768 -0.10776226369391065 … -0.1400887069031812 0.9596914936929323], [1.0 0.0 … 0.0 0.0; 0.0 1.0 … 0.0 0.0; … ; 0.0186495509297933 -0.18473916711140503 … 0.9596914936929323 0.1400887069031812; -0.07196844226211768 -0.10776226369391065 … -0.1400887069031812 0.9596914936929323]  …  [1.0 0.0 … 0.0 0.0; 0.0 1.0 … 0.0 0.0; … ; 0.0186495509297933 -0.18473916711140503 … 0.9596914936929323 0.1400887069031812; -0.07196844226211768 -0.10776226369391065 … -0.1400887069031812 0.9596914936929323], [1.0 0.0 … 0.0 0.0; 0.0 1.0 … 0.0 0.0; … ; 0.0186495509297933 -0.18473916711140503 … 0.9596914936929323 0.1400887069031812; -0.07196844226211768 -0.10776226369391065 … -0.1400887069031812 0.9596914936929323], [1.0 0.0 … 0.0 0.0; 0.0 1.0 … 0.0 0.0; … ; 0.0186495509297933 -0.18473916711140503 … 0.9596914936929323 0.1400887069031812; -0.07196844226211768 -0.10776226369391065 … -0.1400887069031812 0.9596914936929323], [1.0 0.0 … 0.0 0.0; 0.0 1.0 … 0.0 0.0; … ; 0.0186495509297933 -0.18473916711140503 … 0.9596914936929323 0.1400887069031812; -0.07196844226211768 -0.10776226369391065 … -0.1400887069031812 0.9596914936929323], [1.0 0.0 … 0.0 0.0; 0.0 1.0 … 0.0 0.0; … ; 0.0186495509297933 -0.18473916711140503 … 0.9596914936929323 0.1400887069031812; -0.07196844226211768 -0.10776226369391065 … -0.1400887069031812 0.9596914936929323], [1.0 0.0 … 0.0 0.0; 0.0 1.0 … 0.0 0.0; … ; 0.0186495509297933 -0.18473916711140503 … 0.9596914936929323 0.1400887069031812; -0.07196844226211768 -0.10776226369391065 … -0.1400887069031812 0.9596914936929323], [1.0 0.0 … 0.0 0.0; 0.0 1.0 … 0.0 0.0; … ; 0.0186495509297933 -0.18473916711140503 … 0.9596914936929323 0.1400887069031812; -0.07196844226211768 -0.10776226369391065 … -0.1400887069031812 0.9596914936929323], [1.0 0.0 … 0.0 0.0; 0.0 1.0 … 0.0 0.0; … ; 0.0186495509297933 -0.18473916711140503 … 0.9596914936929323 0.1400887069031812; -0.07196844226211768 -0.10776226369391065 … -0.1400887069031812 0.9596914936929323], [1.0 0.0 … 0.0 0.0; 0.0 1.0 … 0.0 0.0; … ; 0.0186495509297933 -0.18473916711140503 … 0.9596914936929323 0.1400887069031812; -0.07196844226211768 -0.10776226369391065 … -0.1400887069031812 0.9596914936929323], [1.0 0.0 … 0.0 0.0; 0.0 1.0 … 0.0 0.0; … ; 0.0186495509297933 -0.18473916711140503 … 0.9596914936929323 0.1400887069031812; -0.07196844226211768 -0.10776226369391065 … -0.1400887069031812 0.9596914936929323]], Any[[0.0 20.27717017900544 -32.72822707386226; -20.27717017900544 -1.2335811384723962e-16 8.630140959717153; … ; 4.068109511322232 -0.15390259112292462 -1.1973186384020584; -1.688219062539118 -0.22271629893355388 0.8954657357790587], [4.934324553889585e-16 20.267393668544933 -32.72749710701564; -20.267393668544933 0.0 8.638372798562227; … ; 4.067264254923072 -0.1546358214219416 -1.198114896929439; -1.6887251895483502 -0.2214579499338768 0.8949154346893724], [4.934324553889585e-16 20.257616752645554 -32.72676433511525; -20.257616752645554 -1.2335811384723962e-16 8.646602890510943; … ; 4.0664187602192765 -0.1553689440281176 -1.198910950543227; -1.6892310940254789 -0.22019974557584657 0.8943651230469984], [-2.4671622769447924e-16 20.247839433494757 -32.726028693881304; -20.247839433494757 -1.2335811384723962e-16 8.654831342210498; … ; 4.065573020884721 -0.15610196940020432 -1.19970681197238; -1.6897367669443206 -0.21894167050533903 0.8938147872749435], [4.934324553889585e-16 20.238061710542556 -32.72529024848828; -20.238061710542556 -1.2335811384723962e-16 8.663058045767425; … ; 4.064727043441557 -0.1568348869661181 -1.2005024683807684; -1.6902422173185916 -0.21768374027411277 0.893264441066796], [4.934324553889585e-16 20.228283585986283 -32.72454893461657; -20.228283585986283 -2.4671622769447924e-16 8.671283107799665; … ; 4.063880821561189 -0.15756770718175941 -1.2012979324928712; -1.6907474361152428 -0.21642593953255063 0.8927140708452839], [0.0 20.218505062291058 -32.72380482467409; -20.218505062291058 -1.2335811384723962e-16 8.67950640690992; … ; 4.063034361768377 -0.15830041947794415 -1.2020931914771393; -1.6912524323550309 -0.21516828382783454 0.8921636903043134], [9.86864910777917e-16 20.20872613258902 -32.72305783272444; -20.20872613258902 0.0 8.68772809029159; … ; 4.062187657731909 -0.1590330343079541 -1.2028882580538358; -1.6917571969978564 -0.2139107578145295 0.8916132858660208], [9.86864910777917e-16 20.198946808407566 -32.7223080528; -20.198946808407566 -2.4671622769447924e-16 8.695947995973444; … ; 4.0613407159793535 -0.15976554110519758 -1.2036831193956417; -1.692261739071742 -0.21265337703567802 0.8910628712250317], [4.934324553889585e-16 20.189167079872945 -32.721555391715; -20.189167079872945 -1.2335811384723962e-16 8.704166284652144; … ; 4.060493530176878 -0.16049795032037117 -1.2044777882186626; -1.6927660495295005 -0.21139612614996567 0.8905124328028574]  …  [0.0 19.395759672700674 -32.65122016902925; -19.395759672700674 -3.700743415417188e-16 9.364149098197077; … ; 3.9910808316776305 -0.21947613045711833 -1.2681801879531265; -1.732860559711396 -0.11002526343993971 0.845876224979513], [4.934324553889585e-16 19.385950020613187 -32.650236636403555; -19.385950020613187 -1.2335811384723962e-16 9.372226051754865; … ; 3.9902142334058284 -0.2201999123255629 -1.2689583619153773; -1.7333462272826616 -0.10877963665054749 0.8453245958599545], [0.0 19.376140044939504 -32.64925033786882; -19.376140044939504 0.0 9.380301202159984; … ; 3.989347404016386 -0.2209235846261009 -1.2697363307290281; -1.73383166804725 -0.10753415822037511 0.8447729573828264], [4.934324553889585e-16 19.366329732076878 -32.64826121295724; -19.366329732076878 -2.4671622769447924e-16 9.388374657328999; … ; 3.988480340595656 -0.22164715138429442 -1.2705140980055898; -1.7343168803915074 -0.10628882314619932 0.8442213040677642], [4.934324553889585e-16 19.356519097261142 -32.647269323108176; -19.356519097261142 0.0 9.3964463081462; … ; 3.9876130462578936 -0.22237060846363624 -1.271291660030753; -1.7348018659211484 -0.10504363662574707 0.8436696415118923], [9.86864910777917e-16 19.346708126911153 -32.64627460781257; -19.346708126911153 0.0 9.404516262508388; … ; 3.9867455180892355 -0.22309395988877426 -1.2720690204147254; -1.735286623019932 -0.10379859365709324 0.8431179642343556], [4.934324553889585e-16 19.33689683624126 -32.64527712855383; -19.33689683624126 0.0 9.412584411319063; … ; 3.9858777592043286 -0.22381720152411072 -1.2728461754445393; -1.7357711532963873 -0.10255369943667458 0.8425662778328791], [0.0 19.32708521169194 -32.64427682478108; -19.32708521169194 0.0 9.420650862456402; … ; 3.9850097666890933 -0.2245403373934242 -1.2736231287291706; -1.7362554551316354 -0.10130894896379375 0.8420145768260646], [4.934324553889585e-16 19.3172732684557 -32.643273758020214; -19.3172732684557 -1.2335811384723962e-16 9.428715506845124; … ; 3.984141543658487 -0.22526336336208996 -1.2743998765570452; -1.736739530136955 -0.10006434743351267 0.8414628668121353], [4.934324553889585e-16 19.307460992995043 -32.64226786768067; -19.307460992995043 -1.2335811384723962e-16 9.436778452341544; … ; 3.9832730871982784 -0.22598628345292598 -1.2751764225357984; -1.7372233766909368 -0.09881988984649515 0.840911142309281]])"
      ]
     },
     "execution_count": 107,
     "metadata": {},
     "output_type": "execute_result"
    }
   ],
   "source": [
    "J = SP.default_parameters.J\n",
    "x0 = SP.initialize_orbit()\n",
    "\n",
    "steps = 100\n",
    "dt = 0.1\n",
    "(states, times) = rollout(x0, steps, dt)\n",
    "ref_traj = [\n",
    "    SP.RBState(\n",
    "        attitude=x0.attitude,\n",
    "        angular_velocity=x0.angular_velocity,\n",
    "        position=state.position,\n",
    "        velocity=state.velocity\n",
    "    )\n",
    "    for state in states\n",
    "    \n",
    "]\n",
    "@time As, Bs = generate_jacobians(ref_traj, times, J)"
   ]
  },
  {
   "cell_type": "code",
   "execution_count": 108,
   "id": "2f5cc837",
   "metadata": {},
   "outputs": [
    {
     "data": {
      "text/plain": [
       "G (generic function with 1 method)"
      ]
     },
     "execution_count": 108,
     "metadata": {},
     "output_type": "execute_result"
    }
   ],
   "source": [
    "function hat(ω)\n",
    "    # TODO: implement the hat function \n",
    "    ω̂ = [0 -ω[3] ω[2]\n",
    "        ω[3] 0 -ω[1]\n",
    "        -ω[2] ω[1] 0]\n",
    "    \n",
    "    return ω̂\n",
    "end\n",
    "\n",
    "function L(q)\n",
    "    # TODO: implement L \n",
    "    #_L = zeros(4,4)\n",
    "    _L = [q[1] -q[2:end]'\n",
    "        q[2:end] q[1]*I + hat(q[2:end])]\n",
    "    return _L\n",
    "end\n",
    "\n",
    "function R(q)\n",
    "    # TODO: implement R \n",
    "    #_R = zeros(4,4)\n",
    "    _R = [q[1] -q[2:end]'\n",
    "        q[2:end] q[1]*I - hat(q[2:end])]\n",
    "    return _R\n",
    "end\n",
    "\n",
    "# TODO: implement H function \n",
    "H = zeros(4,3)\n",
    "H = [0 0 0\n",
    "    1 0 0\n",
    "    0 1 0\n",
    "    0 0 1]\n",
    "\n",
    "function G(q)\n",
    "    q_mat = [-q[2] q[1] q[4] -q[3];\n",
    "             -q[3] -q[4] q[1] q[2];\n",
    "            -q[4] q[3] -q[2] q[1]]\n",
    "    _G = [I zeros(3,4);\n",
    "            zeros(3,3) q_mat]\n",
    "    return _G\n",
    "end"
   ]
  },
  {
   "cell_type": "code",
   "execution_count": 117,
   "id": "2794ba1f",
   "metadata": {},
   "outputs": [
    {
     "data": {
      "text/plain": [
       "6×6 Matrix{Float64}:\n",
       " 0.205844   0.321256   0.145725   0.306789  0.569091   0.0517975\n",
       " 0.321256   1.2005     0.635827   0.487847  1.60952    0.993388\n",
       " 0.145725   0.635827   0.621488  -0.302397  0.534551   1.49555\n",
       " 0.306789   0.487847  -0.302397   3.82828   3.26285   -2.3078\n",
       " 0.569091   1.60952    0.534551   3.26285   8.25623    1.77465\n",
       " 0.0517975  0.993388   1.49555   -2.3078    1.77465    9.26674"
      ]
     },
     "metadata": {},
     "output_type": "display_data"
    },
    {
     "data": {
      "text/plain": [
       "6×6 Matrix{Float64}:\n",
       " 0.278325  0.63428   0.399292  0.144765  0.747178  0.703555\n",
       " 0.63428   2.40255   1.47863   0.386569  2.69562   2.76057\n",
       " 0.399292  1.47863   1.08174   0.143515  1.70207   2.00276\n",
       " 0.144765  0.386569  0.143515  1.65329   1.08702   0.106358\n",
       " 0.747178  2.69562   1.70207   1.08702   6.21313   4.42725\n",
       " 0.703555  2.76057   2.00276   0.106358  4.42725   6.92438"
      ]
     },
     "metadata": {},
     "output_type": "display_data"
    },
    {
     "data": {
      "text/plain": [
       "6×6 Matrix{Float64}:\n",
       " 0.398932  1.0785    0.689485   0.113632   0.945645   1.04922\n",
       " 1.0785    4.03242   2.53731    0.294373   3.43232    3.98795\n",
       " 0.689485  2.53731   1.76349    0.103742   2.18397    2.75663\n",
       " 0.113632  0.294373  0.103742   1.50105    0.719771  -0.0343837\n",
       " 0.945645  3.43232   2.18397    0.719771   5.43672    4.23578\n",
       " 1.04922   3.98795   2.75663   -0.0343837  4.23578    6.99413"
      ]
     },
     "metadata": {},
     "output_type": "display_data"
    },
    {
     "data": {
      "text/plain": [
       "6×6 Matrix{Float64}:\n",
       " 0.516712   1.50248   0.955708    0.0854861  1.0168     1.21208\n",
       " 1.50248    5.55715   3.49312     0.193376   3.67072    4.549\n",
       " 0.955708   3.49312   2.36089     0.0398038  2.31122    3.07924\n",
       " 0.0854861  0.193376  0.0398038   1.47268    0.572632  -0.168539\n",
       " 1.0168     3.67072   2.31122     0.572632   4.75556    3.64803\n",
       " 1.21208    4.549     3.07924    -0.168539   3.64803    6.50196"
      ]
     },
     "metadata": {},
     "output_type": "display_data"
    },
    {
     "data": {
      "text/plain": [
       "6×6 Matrix{Float64}:\n",
       " 0.620724   1.8709    1.18032      0.0688385   1.02633    1.26333\n",
       " 1.8709     6.86111   4.2868       0.132893    3.68417    4.70613\n",
       " 1.18032    4.2868    2.84246      0.00101147  2.29473    3.14554\n",
       " 0.0688385  0.132893  0.00101147   1.46808     0.522041  -0.226555\n",
       " 1.02633    3.68417   2.29473      0.522041    4.29051    3.12898\n",
       " 1.26333    4.70613   3.14554     -0.226555    3.12898    5.9249"
      ]
     },
     "metadata": {},
     "output_type": "display_data"
    },
    {
     "data": {
      "text/plain": [
       "6×6 Matrix{Float64}:\n",
       " 0.715677   2.20462    1.38055     0.0605478  1.01918    1.2721\n",
       " 2.20462    8.03313    4.98895     0.102976   3.64383    4.71775\n",
       " 1.38055    4.98895    3.26178    -0.0178882  2.25145    3.12844\n",
       " 0.0605478  0.102976  -0.0178882   1.46763    0.506495  -0.246377\n",
       " 1.01918    3.64383    2.25145     0.506495   4.00575    2.77455\n",
       " 1.2721     4.71775    3.12844    -0.246377   2.77455    5.48377"
      ]
     },
     "metadata": {},
     "output_type": "display_data"
    },
    {
     "data": {
      "text/plain": [
       "6×6 Matrix{Float64}:\n",
       " 0.806244   2.52226     1.57001     0.0564923  1.01049    1.26881\n",
       " 2.52226    9.14671     5.65245     0.0884806  3.60403    4.69391\n",
       " 1.57001    5.65245     3.65614    -0.0268603  2.21507    3.09746\n",
       " 0.0564923  0.0884806  -0.0268603   1.46778    0.502121  -0.252319\n",
       " 1.01049    3.60403     2.21507     0.502121   3.83515    2.55018\n",
       " 1.26881    4.69391     3.09746    -0.252319   2.55018    5.18816"
      ]
     },
     "metadata": {},
     "output_type": "display_data"
    },
    {
     "data": {
      "text/plain": [
       "6×6 Matrix{Float64}:\n",
       " 0.8948      2.83304     1.75515     0.0543504  1.00365    1.26356\n",
       " 2.83304    10.2372      6.30171     0.0808753  3.57515    4.66884\n",
       " 1.75515     6.30171     4.0421     -0.0314825  2.19006    3.07185\n",
       " 0.0543504   0.0808753  -0.0314825   1.46797    0.500987  -0.253949\n",
       " 1.00365     3.57515     2.19006     0.500987   3.73223    2.41083\n",
       " 1.26356     4.66884     3.07185    -0.253949   2.41083    4.9988"
      ]
     },
     "metadata": {},
     "output_type": "display_data"
    },
    {
     "data": {
      "text/plain": [
       "6×6 Matrix{Float64}:\n",
       " 0.982369    3.14085    1.93862     0.0530402  0.998783   1.25906\n",
       " 3.14085    11.3192     6.94649     0.076222   3.55614    4.65033\n",
       " 1.93862     6.94649    4.42601    -0.0342854  2.17416    3.05442\n",
       " 0.0530402   0.076222  -0.0342854   1.46815    0.500624  -0.254501\n",
       " 0.998783    3.55614    2.17416     0.500624   3.66936    2.32445\n",
       " 1.25906     4.65033    3.05442    -0.254501   2.32445    4.87938"
      ]
     },
     "metadata": {},
     "output_type": "display_data"
    },
    {
     "data": {
      "text/plain": [
       "6×6 Matrix{Float64}:\n",
       " 1.06937     3.44723     2.12143     0.0520858  0.995369   1.25572\n",
       " 3.44723    12.3983      7.59043     0.0728089  3.54412    4.63847\n",
       " 2.12143     7.59043     4.81009    -0.0363468  2.16448    3.04374\n",
       " 0.0520858   0.0728089  -0.0363468   1.46833    0.50032   -0.25496\n",
       " 0.995369    3.54412     2.16448     0.50032    3.63053    2.27079\n",
       " 1.25572     4.63847     3.04374    -0.25496    2.27079    4.80444"
      ]
     },
     "metadata": {},
     "output_type": "display_data"
    },
    {
     "data": {
      "text/plain": [
       "6×6 Matrix{Float64}:\n",
       " 1.15596     3.75276     2.30396     0.0512825  0.992908   1.25332\n",
       " 3.75276    13.4766      8.23474     0.0699084  3.53664    4.6316\n",
       " 2.30396     8.23474     5.19502    -0.0381149  2.15879    3.03784\n",
       " 0.0512825   0.0699084  -0.0381149   1.46851    0.499904  -0.255568\n",
       " 0.992908    3.53664     2.15879     0.499904   3.60633    2.23737\n",
       " 1.25332     4.6316      3.03784    -0.255568   2.23737    4.7575"
      ]
     },
     "metadata": {},
     "output_type": "display_data"
    },
    {
     "data": {
      "text/plain": [
       "6×6 Matrix{Float64}:\n",
       " 1.24221     4.05767     2.48631     0.0505429  0.991036   1.25158\n",
       " 4.05767    14.5548      8.87977     0.0672148  3.53198    4.62809\n",
       " 2.48631     8.87977     5.58093    -0.0397724  2.1556     3.03507\n",
       " 0.0505429   0.0672148  -0.0397724   1.46869    0.499366  -0.256347\n",
       " 0.991036    3.53198     2.1556      0.499366   3.59114    2.21652\n",
       " 1.25158     4.62809     3.03507    -0.256347   2.21652    4.72812"
      ]
     },
     "metadata": {},
     "output_type": "display_data"
    },
    {
     "data": {
      "text/plain": [
       "6×6 Matrix{Float64}:\n",
       " 1.32813     4.362       2.66852     0.0498302  0.989513   1.25025\n",
       " 4.362      15.6331      9.52557     0.0646019  3.52902    4.62671\n",
       " 2.66852     9.52557     5.96778    -0.0413922  2.15393    3.03428\n",
       " 0.0498302   0.0646019  -0.0413922   1.46887    0.49873   -0.257261\n",
       " 0.989513    3.52902     2.15393     0.49873    3.58153    2.20353\n",
       " 1.25025     4.62671     3.03428    -0.257261   2.20353    4.70977"
      ]
     },
     "metadata": {},
     "output_type": "display_data"
    },
    {
     "data": {
      "text/plain": [
       "6×6 Matrix{Float64}:\n",
       " 1.41373     4.66579     2.85058     0.0491291  0.988186   1.24916\n",
       " 4.66579    16.7114     10.1721      0.0620185  3.52704    4.6266\n",
       " 2.85058    10.1721      6.3555     -0.0430023  2.15317    3.03471\n",
       " 0.0491291   0.0620185  -0.0430023   1.46906    0.498026  -0.258272\n",
       " 0.988186    3.52704     2.15317     0.498026   3.57542    2.19545\n",
       " 1.24916     4.6266      3.03471    -0.258272   2.19545    4.69835"
      ]
     },
     "metadata": {},
     "output_type": "display_data"
    },
    {
     "data": {
      "text/plain": [
       "6×6 Matrix{Float64}:\n",
       " 1.49902     4.96902     3.0325      0.0484333  0.986962   1.2482\n",
       " 4.96902    17.7898     10.8193      0.0594449  3.52562    4.62722\n",
       " 3.0325     10.8193      6.74404    -0.0446122  2.15293    3.03586\n",
       " 0.0484333   0.0594449  -0.0446122   1.46924    0.497276  -0.259349\n",
       " 0.986962    3.52562     2.15293     0.497276   3.57149    2.19045\n",
       " 1.2482      4.62722     3.03586    -0.259349   2.19045    4.69127"
      ]
     },
     "metadata": {},
     "output_type": "display_data"
    },
    {
     "data": {
      "text/plain": [
       "6×6 Matrix{Float64}:\n",
       " 1.584       5.2717     3.21426     0.0477405  0.985786   1.2473\n",
       " 5.2717     18.8682    11.4672      0.056874   3.52449    4.62822\n",
       " 3.21426    11.4672     7.13335    -0.0462248  2.153      3.03741\n",
       " 0.0477405   0.056874  -0.0462248   1.46943    0.496495  -0.260469\n",
       " 0.985786    3.52449    2.153       0.496495   3.56893    2.1874\n",
       " 1.2473      4.62822    3.03741    -0.260469   2.1874     4.68694"
      ]
     },
     "metadata": {},
     "output_type": "display_data"
    },
    {
     "data": {
      "text/plain": [
       "6×6 Matrix{Float64}:\n",
       " 1.66866     5.57382     3.39586     0.0470496  0.984628   1.24642\n",
       " 5.57382    19.9466     12.1157      0.0543036  3.52349    4.6294\n",
       " 3.39586    12.1157      7.52342    -0.0478404  2.15323    3.03919\n",
       " 0.0470496   0.0543036  -0.0478404   1.46962    0.495694  -0.261618\n",
       " 0.984628    3.52349     2.15323     0.495694   3.56724    2.18557\n",
       " 1.24642     4.6294      3.03919    -0.261618   2.18557    4.68434"
      ]
     },
     "metadata": {},
     "output_type": "display_data"
    },
    {
     "data": {
      "text/plain": [
       "6×6 Matrix{Float64}:\n",
       " 1.75301     5.87539     3.57731     0.0463606  0.98347    1.24554\n",
       " 5.87539    21.025      12.7648      0.0517333  3.52254    4.63064\n",
       " 3.57731    12.7648      7.91423    -0.0494586  2.15353    3.04107\n",
       " 0.0463606   0.0517333  -0.0494586   1.46981    0.494881  -0.262785\n",
       " 0.98347     3.52254     2.15353     0.494881   3.56609    2.1845\n",
       " 1.24554     4.63064     3.04107    -0.262785   2.1845     4.68282"
      ]
     },
     "metadata": {},
     "output_type": "display_data"
    },
    {
     "data": {
      "text/plain": [
       "6×6 Matrix{Float64}:\n",
       " 1.83704     6.1764     3.75858     0.0456731  0.982303   1.24465\n",
       " 6.1764     22.1034    13.4144      0.049163   3.52159    4.63188\n",
       " 3.75858    13.4144     8.30576    -0.0510789  2.15387    3.043\n",
       " 0.0456731   0.049163  -0.0510789   1.47001    0.494059  -0.263964\n",
       " 0.982303    3.52159    2.15387     0.494059   3.56528    2.18392\n",
       " 1.24465     4.63188    3.043      -0.263964   2.18392    4.68199"
      ]
     },
     "metadata": {},
     "output_type": "display_data"
    },
    {
     "data": {
      "text/plain": [
       "6×6 Matrix{Float64}:\n",
       " 1.92077     6.47686     3.9397     0.0449873  0.981123   1.24373\n",
       " 6.47686    23.1818     14.0647     0.0465931  3.52061    4.63308\n",
       " 3.9397     14.0647      8.69803   -0.052701   2.15421    3.04494\n",
       " 0.0449873   0.0465931  -0.052701   1.4702     0.493231  -0.265151\n",
       " 0.981123    3.52061     2.15421    0.493231   3.56469    2.18365\n",
       " 1.24373     4.63308     3.04494   -0.265151   2.18365    4.68159"
      ]
     },
     "metadata": {},
     "output_type": "display_data"
    },
    {
     "data": {
      "text/plain": [
       "6×6 Matrix{Float64}:\n",
       " 2.00418     6.77676     4.12066     0.0443031  0.979931   1.2428\n",
       " 6.77676    24.2602     14.7157      0.0440235  3.5196     4.63424\n",
       " 4.12066    14.7157      9.09102    -0.0543246  2.15454    3.04686\n",
       " 0.0443031   0.0440235  -0.0543246   1.47039    0.492401  -0.266342\n",
       " 0.979931    3.5196      2.15454     0.492401   3.56423    2.18357\n",
       " 1.2428      4.63424     3.04686    -0.266342   2.18357    4.68146"
      ]
     },
     "metadata": {},
     "output_type": "display_data"
    },
    {
     "data": {
      "text/plain": [
       "6×6 Matrix{Float64}:\n",
       " 2.08729     7.07611     4.30145     0.0436204  0.978726   1.24184\n",
       " 7.07611    25.3385     15.3672      0.0414543  3.51855    4.63533\n",
       " 4.30145    15.3672      9.48475    -0.0559496  2.15486    3.04876\n",
       " 0.0436204   0.0414543  -0.0559496   1.47059    0.491568  -0.267537\n",
       " 0.978726    3.51855     2.15486     0.491568   3.56386    2.18361\n",
       " 1.24184     4.63533     3.04876    -0.267537   2.18361    4.68151"
      ]
     },
     "metadata": {},
     "output_type": "display_data"
    },
    {
     "data": {
      "text/plain": [
       "6×6 Matrix{Float64}:\n",
       " 2.17009     7.37492     4.48209    0.0429392  0.97751    1.24087\n",
       " 7.37492    26.4169     16.0193     0.0388854  3.51746    4.63638\n",
       " 4.48209    16.0193      9.87921   -0.057576   2.15516    3.05064\n",
       " 0.0429392   0.0388854  -0.057576   1.47079    0.490734  -0.268734\n",
       " 0.97751     3.51746     2.15516    0.490734   3.56354    2.18373\n",
       " 1.24087     4.63638     3.05064   -0.268734   2.18373    4.68166"
      ]
     },
     "metadata": {},
     "output_type": "display_data"
    },
    {
     "data": {
      "text/plain": [
       "6×6 Matrix{Float64}:\n",
       " 2.25257     7.67317     4.66256     0.0422595  0.976284   1.23989\n",
       " 7.67317    27.4953     16.672       0.0363168  3.51634    4.63738\n",
       " 4.66256    16.672      10.2744     -0.0592037  2.15544    3.0525\n",
       " 0.0422595   0.0363168  -0.0592037   1.47099    0.489899  -0.269932\n",
       " 0.976284    3.51634     2.15544     0.489899   3.56326    2.18389\n",
       " 1.23989     4.63738     3.0525     -0.269932   2.18389    4.68188"
      ]
     },
     "metadata": {},
     "output_type": "display_data"
    },
    {
     "data": {
      "text/plain": [
       "6×6 Matrix{Float64}:\n",
       " 2.33476     7.97088     4.84288     0.0415813  0.97505    1.23889\n",
       " 7.97088    28.5738     17.3254      0.0337484  3.51519    4.63833\n",
       " 4.84288    17.3254     10.6703     -0.0608329  2.15571    3.05434\n",
       " 0.0415813   0.0337484  -0.0608329   1.47118    0.489063  -0.271132\n",
       " 0.97505     3.51519     2.15571     0.489063   3.563      2.18409\n",
       " 1.23889     4.63833     3.05434    -0.271132   2.18409    4.68214"
      ]
     },
     "metadata": {},
     "output_type": "display_data"
    },
    {
     "data": {
      "text/plain": [
       "6×6 Matrix{Float64}:\n",
       " 2.41663     8.26805     5.02304     0.0409045  0.973809   1.23788\n",
       " 8.26805    29.6522     17.9794      0.0311801  3.51402    4.63926\n",
       " 5.02304    17.9794     11.067      -0.0624634  2.15596    3.05616\n",
       " 0.0409045   0.0311801  -0.0624634   1.47139    0.488228  -0.272331\n",
       " 0.973809    3.51402     2.15596     0.488228   3.56275    2.1843\n",
       " 1.23788     4.63926     3.05616    -0.272331   2.1843     4.68243"
      ]
     },
     "metadata": {},
     "output_type": "display_data"
    },
    {
     "data": {
      "text/plain": [
       "6×6 Matrix{Float64}:\n",
       " 2.4982      8.56467     5.20304     0.0402291  0.972563   1.23686\n",
